APC     APC     8121  1           4661201901022019 1        29.97       .00        29.97A1  254670        20190102                                                                            
APC     APC     8121  1           4662201901022019 1       454.80       .00       454.80A1  254680        20190102                                                                            
APC     APC     8121  1           4663201901022019 1       650.00       .00       650.00A1  254690        20190102                                                                            
APC     APC     5102  1           4664201901032019 1       360.00       .00       360.00A1  254700        20190103                                                                            
APC     APC     5102  1           4665201901032019 1       700.00       .00       700.00A1  254710        20190103                                                                            
APC     APC     5102  1           4666201901032019 1       750.00       .00       750.00A1  254720        20190103                                                                            
APC     APC     5102  1           4667201901032019 1      5000.00       .00      5000.00A1  254730        20190103                                                                            
APC     APC     8121  1           4668201901042019 1     13900.00       .00     13900.00A1  255050        20190104                                                                            
APC     APC     1318  1          19671201901072019 1       318.63       .00       318.63A1  254740        20190107                                                                            
APC     APC     1335  1          19672201901072019 1      3000.00       .00      3000.00A1  254750        20190107                                                                            
APC     APC     1410  1          19673201901072019 1       124.00       .00       124.00A1  254760        20190107                                                                            
APC     APC     1430  1          19674201901072019 1      1045.00       .00      1045.00A1  254770        20190107                                                                            
APC     APC     1851  1          19675201901072019 1      1500.00       .00      1500.00A1  254780        20190107                                                                            
APC     APC     1894  1          19676201901072019 1        60.82       .00        60.82A1  254790        20190107                                                                            
APC     APC     2200  1          19677201901072019 1        75.67       .00        75.67A1  254800        20190107                                                                            
APC     APC     2370  1          19678201901072019 1       169.19       .00       169.19A1  254810        20190107                                                                            
APC     APC     2396  1          19679201901072019 1      1320.00       .00      1320.00A1  254820        20190107                                                                            
APC     APC     2440  1          19680201901072019 1       100.63       .00       100.63A1  254830        20190107                                                                            
APC     APC     2771  1          19681201901072019 1       526.29       .00       526.29A1  254840        20190107                                                                            
APC     APC     2796  1          19682201901072019 1       271.50       .00       271.50A1  254850        20190107                                                                            
APC     APC     2810  1          19683201901072019 1      1250.00       .00      1250.00A1  254860        20190107                                                                            
APC     APC     2882  1          19684201901072019 1      1113.71       .00      1113.71A1  254870        20190107                                                                            
APC     APC     2943  1          19685201901072019 1      4279.21       .00      4279.21A1  254880        20190107                                                                            
APC     APC     2997  1          19686201901072019 1        89.15       .00        89.15A1  254890        20190107                                                                            
APC     APC     3105  1          19687201901072019 1       624.98       .00       624.98A1  254900        20190107                                                                            
APC     APC     3180  1          19688201901072019 1        46.50       .00        46.50A1  254910        20190107                                                                            
APC     APC     3284  1          19689201901072019 1        44.25       .00        44.25A1  254920        20190107                                                                            
APC     APC     3566  1          19690201901072019 1      5086.18       .00      5086.18A1  254930        20190107                                                                            
APC     APC     3590  1          19691201901072019 1        34.09       .00        34.09A1  254940        20190107                                                                            
APC     APC     3811  1          19692201901072019 1       334.35       .00       334.35A1  254950        20190107                                                                            
APC     APC     4066  1          19693201901072019 1       217.25       .00       217.25A1  254960        20190107                                                                            
APC     APC     4511  1          19694201901072019 1       986.88       .00       986.88A1  254970        20190107                                                                            
APC     APC     4709  1          19695201901072019 1       355.19       .00       355.19A1  254980        20190107                                                                            
APC     APC     4755  1          19696201901072019 1       294.50       .00       294.50A1  254990        20190107                                                                            
APC     APC     4790  1          19697201901072019 1       778.79       .00       778.79A1  255000        20190107                                                                            
APC     APC     4820  1          19698201901072019 1       219.43       .00       219.43A1  255010        20190107                                                                            
APC     APC     4864  1          19699201901072019 1       334.87       .00       334.87A1  255020        20190107                                                                            
APC     APC     4914  1          19700201901072019 1        91.51       .00        91.51A1  255030        20190107                                                                            
APC     APC     4973  1          19701201901072019 1        52.50       .00        52.50A1  255040        20190107                                                                            
APC     APC     8121  1           4670201901082019 1       759.00       .00       759.00A1  255140        20190108                                                                            
APC     APC     1642  1          19703201901082019 1       323.99       .00       323.99A1  255070        20190108                                                                            
APC     APC     1838  1          19704201901082019 1       537.90       .00       537.90A1  255080        20190108                                                                            
APC     APC     1851  1          19705201901082019 1      1500.00       .00      1500.00A1  255090        20190108                                                                            
APC     APC     2223  1          19706201901082019 1        13.03       .00        13.03A1  255100        20190108                                                                            
APC     APC     3457  1          19707201901082019 1      1500.00       .00      1500.00A1  255110        20190108                                                                            
APC     APC     3735  1          19708201901082019 1       312.95       .00       312.95A1  255120        20190108                                                                            
APC     APC     4869  1          19709201901082019 1       203.67       .00       203.67A1  255130        20190108                                                                            
APC     APC     5102  1           4671201901092019 1       360.00       .00       360.00A1  255160        20190109                                                                            
APC     APC     5102  1           4672201901092019 1       700.00       .00       700.00A1  255170        20190109                                                                            
APC     APC     5102  1           4673201901092019 1       750.00       .00       750.00A1  255180        20190109                                                                            
APC     APC     5102  1           4674201901092019 1      5000.00       .00      5000.00A1  255190        20190109                                                                            
APC     APC     8121  1           4675201901092019 1      1000.00       .00      1000.00A1  255150        20190109                                                                            
APC     APC     8121  1           4676201901092019 1       226.79       .00       226.79A1  255200        20190109                                                                            
APC     APC     8121  1           4677201901112019 1       620.00       .00       620.00A1  255210        20190111                                                                            
APC     APC     8121  1           4678201901112019 1       183.64       .00       183.64A1  255220        20190111                                                                            
APC     APC     8121  1           4679201901112019 1        89.14       .00        89.14A1  255230        20190111                                                                            
APC     APC     5102  1           4680201901112019 1       250.00       .00       250.00A1  255240        20190111                                                                            
APC     APC     8121  1           4681201901142019 1       549.39       .00       549.39A1  255250        20190114                                                                            
APC     APC     7000  1            115201901152019 1      5000.00       .00      5000.00A1  255270        20190115                                                                            
APC     APC     8121  1           4682201901152019 1       208.39       .00       208.39A1  255260        20190115                                                                            
APC     APC     8121  1           4683201901162019 1       791.00       .00       791.00A1  255280        20190116                                                                            
APC     APC     5102  1           4684201901162019 1       360.00       .00       360.00A1  255290        20190116                                                                            
APC     APC     5102  1           4685201901162019 1       700.00       .00       700.00A1  255300        20190116                                                                            
APC     APC     5102  1           4686201901162019 1       750.00       .00       750.00A1  255310        20190116                                                                            
APC     APC     5102  1           4687201901162019 1      5000.00       .00      5000.00A1  255320        20190116                                                                            
APC     APC     8121  1           4688201901162019 1        91.76       .00        91.76A1  255330        20190116                                                                            
APC     APC     8121  1           4689201901172019 1       189.62       .00       189.62A1  255340        20190117                                                                            
APC     APC     8121  1           4690201901172019 1        89.67       .00        89.67A1  255350        20190117                                                                            
APC     APC     8121  1           4691201901172019 1       630.77       .00       630.77A1  255360        20190117                                                                            
APC     APC     8121  1           4692201901172019 1       210.00       .00       210.00A1  255370        20190117                                                                            
APC     APC     5102  1           4694201901182019 1       200.00       .00       200.00A1  255380        20190118                                                                            
APC     APC     8121  1           4695201901212019 1       106.25       .00       106.25A1  255390        20190121                                                                            
APC     APC     7000  1            122201901222019 1      5000.00       .00      5000.00A1  255410        20190122                                                                            
APC     APC     8121  1           4696201901222019 1       791.00       .00       791.00A1  255400        20190122                                                                            
APC     APC     8121  1           4697201901232019 1       879.00       .00       879.00A1  255420        20190123                                                                            
APC     APC     5102  1           4698201901232019 1       360.00       .00       360.00A1  255430        20190123                                                                            
APC     APC     5102  1           4699201901232019 1       700.00       .00       700.00A1  255440        20190123                                                                            
APC     APC     5102  1           4700201901232019 1       750.00       .00       750.00A1  255450        20190123                                                                            
APC     APC     5102  1           4701201901232019 1      6000.00       .00      6000.00A1  255460        20190123                                                                            
APC     APC     8121  1           4702201901242019 1       246.68       .00       246.68A1  255700        20190124                                                                            
APC     APC     1030  1          19711201901242019 1       826.80       .00       826.80A1  255470        20190124                                                                            
APC     APC     1318  1          19712201901242019 1       933.51       .00       933.51A1  255480        20190124                                                                            
APC     APC     1533  1          19713201901242019 1      1078.20       .00      1078.20A1  255490        20190124                                                                            
APC     APC     1547  1          19714201901242019 1        96.00       .00        96.00A1  255500        20190124                                                                            
APC     APC     1580  1          19715201901242019 1       156.25       .00       156.25A1  255510        20190124                                                                            
APC     APC     1641  1          19716201901242019 1       900.00       .00       900.00A1  255520        20190124                                                                            
APC     APC     1737  1          19717201901242019 1       392.06       .00       392.06A1  255530        20190124                                                                            
APC     APC     1851  1          19718201901242019 1      1500.00       .00      1500.00A1  255540        20190124                                                                            
APC     APC     2141  1          19719201901242019 1     20000.00       .00     20000.00A1  255550        20190124                                                                            
APC     APC     2440  1          19720201901242019 1        26.73       .00        26.73A1  255560        20190124                                                                            
APC     APC     3105  1          19721201901242019 1       539.06       .00       539.06A1  255570        20190124                                                                            
APC     APC     3284  1          19722201901242019 1         6.51       .00         6.51A1  255580        20190124                                                                            
APC     APC     3350  1          19723201901242019 1       196.90       .00       196.90A1  255590        20190124                                                                            
APC     APC     3457  1          19724201901242019 1      1500.00       .00      1500.00A1  255600        20190124                                                                            
APC     APC     3566  1          19725201901242019 1      2371.25       .00      2371.25A1  255610        20190124                                                                            
APC     APC     3590  1          19726201901242019 1        34.45       .00        34.45A1  255620        20190124                                                                            
APC     APC     3595  1          19727201901242019 1       264.10       .00       264.10A1  255630        20190124                                                                            
APC     APC     4427  1          19728201901242019 1      1104.63       .00      1104.63A1  255640        20190124                                                                            
APC     APC     4486  1          19729201901242019 1       400.00       .00       400.00A1  255650        20190124                                                                            
APC     APC     4500  1          19730201901242019 1       150.00       .00       150.00A1  255660        20190124                                                                            
APC     APC     4511  1          19731201901242019 1      1528.00       .00      1528.00A1  255670        20190124                                                                            
APC     APC     4790  1          19732201901242019 1       211.85       .00       211.85A1  255680        20190124                                                                            
APC     APC     4470  1          19734201901242019 1      1500.00       .00      1500.00A1  255690        20190124                                                                            
APC     APC     5102  1           4703201901252019 1      2000.00       .00      2000.00A1  255710        20190125                                                                            
APC     APC     5102  1           4704201901252019 1       250.00       .00       250.00A1  255720        20190125                                                                            
APC     APC     8121  1           4705201901252019 1       425.00       .00       425.00A1  255730        20190125                                                                            
APC     APC     5102  1           4708201901302019 1       360.00       .00       360.00A1  255750        20190130                                                                            
APC     APC     5102  1           4709201901302019 1      1900.00       .00      1900.00A1  255760        20190130                                                                            
APC     APC     5102  1           4710201901302019 1       750.00       .00       750.00A1  255770        20190130                                                                            
APC     APC     5102  1           4711201901302019 1      5000.00       .00      5000.00A1  255780        20190130                                                                            
APC     APC     8121  1           4712201901302019 1       791.00       .00       791.00A1  255740        20190130                                                                            
APC     APC     8121  1           4713201901302019 1       169.82       .00       169.82A1  255790        20190130                                                                            
APC     APC     8121  1           4714201901302019 1       189.80       .00       189.80A1  255800        20190130                                                                            
APC     APC     8121  1           4715201901302019 1       142.22       .00       142.22A1  255810        20190130                                                                            
APC     APC     8121  1           4716201901312019 1        26.73       .00        26.73A1  255820        20190131                                                                            
