APC             7        0        0        7   1   1PARTNUMBER1                      202004142020041420200414      .00       .00       .00       .00       .00       .00       .00       100       100         02690  2690  EA        1.10       .00    110.00                                                                                                       00   0   0       .000                                   00
APC             7        0        0        7   2   2PARTNUMBER2                      202004142020041420200414      .00       .00       .00       .00       .00       .00       .00       200       200         02690  2690  EA        2.20       .00    440.00                                                                                                       00   0   0       .000                                   00
APC             7        0        0        7   3   3PARTNUMBER3                      202004142020041420200414      .00       .00       .00       .00       .00       .00       .00       300       300         02690  2690  EA        3.30       .00    990.00                                                                                                       00   0   0       .000                                   00
APC             8        0        0        8   1   1PASERNUMBER EW134134             202004142020041420200414      .00       .00       .00       .00       .00       .00       .00       100       100         02690  2690  EA        1.11       .00    111.00                                                                                                       00   0   0       .000                                   00
APC             9        0        0        9   1   1PARTNUMBER 1                     202004142020041420200414      .00       .00       .00       .00       .00       .00       .00       111       111         02690  2690  EA        2.23       .00    247.53                                                                                                       00   0   0       .000                                   00
APC            10        0        0       10   1   1ARE23RERASADSFADFS               202004142020041420200414      .00       .00       .00       .00       .00       .00       .00       100       100         02690  2690  EA        2.20       .00    220.00                                                                                                       00   0   0       .000                                   00
APC            11        0        0       11   1   1PAERNUASAEFADSF                  202004142020041420200414      .00       .00       .00       .00       .00       .00       .00       111       111         02690  2690  EA        2.21       .00    245.31                                                                                                       00   0   0       .000                                   00
APC            12        0        0       12   1   1PARTNUMBER 1                     202004142020041420200414      .00       .00       .00       .00       .00       .00       .00       200       200         02690  2690  EA        2.20       .00    440.00                                                                                                       00   0   0       .000                                   00
APC            12        0        0       12   2   2PARTNUMBER 2                     202004142020041420200414      .00       .00       .00       .00       .00       .00       .00       300       300         02690  2690  EA        1.25       .00    375.00                                                                                                       00   0   0       .000                                   00
APC            13        0        0       13   1   1PARTNUMBER1                      202004142020041420200414      .00       .00       .00       .00       .00       .00       .00       100       100         02690  2690  EA      100.00       .00  10000.00                                                                                                       00   0   0       .000                                   00
APC            13        0        0       13   2   2PARTNUMBER 2                     202004142020041420200414      .00       .00       .00       .00       .00       .00       .00       200       200         02690  2690  EA       21.00       .00   4200.00                                                                                                       00   0   0       .000                                   00
APC            14        0        0       14   1   1ASFDADSFADS                      202004152020041520200415      .00       .00       .00       .00       .00       .00       .00       100       100         02690  2690  EA       12.00       .00   1200.00                                                                                                       00   0   0       .000                                   00
APC            15        0        0       15   1   1ASDFADSF                         202004242020042420200424      .00       .00       .00       .00       .00       .00       .00       100       100         02690  2690            1.21       .00       .00                                                                                                       00   0   0       .000                                   00
