APC             3556              512345            .00        201907082019070820190708201907082019 7   1000.00                                                                                                    2503973  1                                020190708           11280        0             
APC             3556              512345            .00        201907082019070820190708201907082019 7   1000.00                                                                                                    2503974  1                                020190708           11280        0             
APC             3556              512345            .00        201907082019070820190708201907082019 7   1234.00                                                                                                    2503975  1                                020190708           11280        0             
APC             3556              512345            .00        201907082019070820190708201907082019 7  16031.00                                                                                                    2503976  1                                020190708           11280        0             
APC             3556              5222              .00        201907082019070820190708201907082019 7     52.40                                                                                                    2503977  1                                020190708           11290        0             
APC             3556              5222              .00        201907082019070820190708201907082019 7    152.00                                                                                                    2503978  1                                020190708           11290        0             
APC             3556              5chk1             .00        201907082019070820190708201907082019 7   2552.00                                                                                                    2503979  1                                020190708           11590        0             
APC             3556              5chk2opt2         .00        201907082019070820190708201907082019 7    126.00                                                                                                    2503980  1                                020190708           12020        0             
APC             3556              5chk2opt2         .00        201907082019070820190708201907082019 7    392.00                                                                                                    2503981  1                                020190708           12020        0             
APC             3556              5ccref            .00        201907082019070820190708201907082019 7   1094.00                                                                                                    2503983  1                                220190708           12020        0             
APC             3556              5ccref            .00        201907082019070820190708201907082019 7    543.00                                                                                                    2503985  1                                220190708           12020        0             
APC             1077              5123456           .00        201907082019070820190708201907082019 7    378.00Converted A/R                                                                                         18841  1                                020190708           16520        0             
APC             1021              5123456           .00        201909132019091320190913201909132019 9    500.00UnApplied                                                                                                 0  1                                120190913               0        0             
APC             1077              5123456          2.00        20191028201910282019102820191028201910     54.00                                                                                                    2503991  1                                020191028           14460        0             
